46							      |	20
4c							      |	69
41							      |	65
47							      |	69
2d							      |	20
4e							      |	2c
6f							      |	20
74							      |	20
68							      |	20
69							      |	20
6e							      |	20
67							      |	6b
49							      |	74
73							      |	68
45							      |	73
76							      |	62
65							      |	6f
72							      |	68
57							      |	79
68							      |	65
61							      |	68
74							      |	6e
49							      |	77
74							      |	65
53							      |	20
65							      |	72
65							      |	20
6d							      |	65
73							      |	0a
